00002100100100000000000000100000000000000000200002222222200
00010000000110001000000000100000000000000000000000010000000
00002100000100001000002001000000200111000000100000001000010
00000000000110002210002000110000200000000000200000010000000
00000010000120001001000001100000000000101010200001000000000
00010000000110001001000001000000001000000000000000000000010
02022100222000001111112002012200001000101100000000000000101
02012200222000001011112002200000001100101121000000000000101
00012100000100000000001000100000200000000100200002222222200
00000000000110000000000000100000000000000000000000001110000
00000000000100001000000000100000000111000000000000001110000
00002100000110000000000000100100000000000000000001000000000
00012200100120001001000000100100000100000000100000000000000
10000000000000001011110000000000000000000000000002222000022000000000000000000000000000000000000000000000000000000001111110000000000000000000000000
10100000000000000011110000000100000000000000000000000000010000000000000000000000000000000000000000000000000000000000000000100000000010110000000010
10100000000000000011110000000100000000000000000000000000010000000000000000111000011110011011000000000000000000000010000000100000000010110000000010
10100000000000000011110000000100000000000000000000000000010000000000000000000000010100010000000000000000000000000010000000100000000010110000000010
10100000000000000011110000000100000000000000000000000000000000000000000000100101011110011011010000000000000100000010000000100000000010110000000010
10100000000000000011110000000100000000000000000000000000000000000000000000100101011110011000010000000000000100000010000000100000000010110000000010
10100000000000000011110000000100000000000000000000000000010000000000000000000000011110011010000000000000000000000010000000100000000010110000000010
10100000000000000011110000000100000000000000000000000000010000000000000000111000010100010000010000000000000100000010000000100000000010000000010010
10100000000000000011110000000110000000000000000000000000011000000000000000111000011110011000010000000000000100000010000000100000000010000000000011
10100000000000000011110000000100000000000000000002222000000000000000000000222222222222222200022000000000000220000010000000100000000010110000000010
10100000000000000011110000000100000000000000000000000000011000000000000000100000011110011010010000000000000100000010000000100000000010222000000011
10100000000000000011110000000100000000000000000001010000010000000000000000100101011110011010010000000000000100000010000000100000000010000000000011
10100000000000000011110000000000000000000000000000000000011000000000000000100101010100010010010000000000000100000010000000100000000000100000000010
10100000000000000011110000000100000000000000000000000000011000000000000000100101011110011011010000000000000100000010000000100000000010110000000011
10100000000000000011110000000100000000000000000001010000011000000000000000100101010100010010010000000000000100000010000000100000000010100000000010
10100000000000000011110000000100000000000000000001010000010000000000000000100101011110011010010000000000000100000010000000100000000010000000000011
10100000000000000011110000000100000000000000000001010000010000000000000000100101010100010010010000000000000100000011111111100000000010111000010000
10100000000001010100000100000000000000000000000001010000010000000000000000100101010100010011010000000000000100000011000000110000000010110000011100
10100000000001010100000100000000000000000000000001010000010000000000000000100101010100010010010000000000000100000011000000110000000010110000011100
10100000000001110100000000000000000000000000000001010000010000000011001100100101010100010011011000000000000100000011000000110000000010110000011100
10100000000001010100000100000000000000000000000001022000010000000000000000100101011110011110010000000000000000000011000000110000000010222000011100
10100000000001110111110000000101000000000001100002222000000000000000000000000000010100010000000000000000000000000011111110111000000010222000011100
10100000000001110111110000101112210010100001000001010001010000000100000000000100011110011010010000000000000100000011110000111100000010111000111100
10100000000001110111110000101112210010100001000001010001010000000100000000000000010100010010011111100000000100000011110000111100000010111000111100
10100000000001110111110000101102200010000001000001010001010000000100000000000000010100010010000000000000000000001111110000111100000010111000111100
10100000000001110111110000001102200000000001000001010000010000000100000000000000010100010010000000000000000000001011111000111000000010111000111000
10100000000001110111110000001102200000000001000001010001010000000100000000000000010100010010000000000000000000001011111000111000000010111000111000
00100000000001110111110000110100000011100000000001000100000000000100000000000110010111011100010111100000001110100011111100110100000010111000010000
00100000000001010100000000100100000011100000010001122100000000000100000000000000010100010010011100000000001100100011111100110100000010111000010000
10100000000000000011110000000100000000000000000001100001000000000000000000100101011110011011010000000000000100001011000000110100000010111000010000
10100000000000000011110000000100000000000000000001100001011000000000000000100101011110011011000000000000000000001011111111110110110010111000010000
10100000000000000011110000000100000000000000000001100001011000000000000000100101011110011010010000000000000000001011111111110110000010111011010000
10100000000000000011110000000100000000000000000001100001011000000000000000100101011110011011010000000000000100001011100000110000000010111000010000
10100000000000000011110000000100000000000000000000000001011000000000000000100101011110011011000000000000000000001011000000110100000010111000010000
10100000000000000011110000000100000000000000000001100001011000000000000000100101011110011011010000000000000100001011000000110100000010111000010000
10100000000000000011110000000100000000000000000001100001011000000000000000100101011110011011010000000000000100001011000000110100000010111000010000
10100000000000000011110000000100000000000000000000000001010000000000000000100101011110011011010000000000000100001011000000110100000010110000010000
10100000000000000011110000000100000000000000000001100000011000000000000000100101011110011011010000000000000100001011000000110110000010111000010000
00101001000000001000000000000100011010000000011111010111100000000000000000100101011110011010010000000000000101000011000000110110000010111100010000
00101001000000001000000000000100000000000000010001111000000000000000000000100101011110011011010000000000000100000011000000110110000010111010010000
00100001000000000000000000100111011011000001100000000000010000000000000000000111100111011100010000000000000110000011000000110110100010111000010000
10100000000000000000000000000111011000000001100000000001010000000000000000111101000111011100010000000000000110000011000000110110111010111000010000
00101100000000000011000000000101100011100000011100000101000000000000000000000000000222222222211100000000000220100011000000110100000010111000000010
00101111000110000000000000100101011011101000011101111000000000000100000000000111100111011111111110010000000001100011000000110110000010111010010000
00101110000010101011000000110110011011111100011101100001100011000110001000000001100111100011111100000000001111110011000000110110000010111000010000
00101110000111001011000000110110011011111000011101100000000000000100000000000111100111011111111100010000000001110011000000110101000010111000010000
00101000000101001011000000100000011011101000000001111000000000000000000000000001100111011111111111000000001001100011000000110120222210111022010000
00101100000111001011000000110110011011101000011101100000000000000100000000000111100111111111111100000000001001100011000000110101000010111000010000
00101001000011101011000000100000011011101000011101100100000010001111111111000001100111011111111100010000000001100011000000110110000010111100010000
00101110000110101000000000000000011011101000011101100100000011100111001100000111100222222211111100010000000001100011000000110100000010000000000010
00101101000100101000000000110101011011101000011101111000000000000000000000000111100111100011111100000000001001100011000000110110000010111100010000
00101111000111001000000000110101011011101000011110010101000000000000000000000111100111011111111110010000000001100011000000110110000010111010010000
00101101000111101011000000110101011011101000011101100000000000000000000000000111100111000011111100010000000001100011000000110110000010111000010000
00100001000001001011111100100000011011101000000001111000000000000100000000000000000111011111111110010000000001100011000000110000000010111000010000
00111101100011101011100110100100011011101000011101122100000100000111000000000110000111011100011100010000000001100011000000110100000010111000010000
00101101110111101011100100100100011011101000011101122110000100000111000000000000000111011111111100010000000001100011000000110110000010111000010000
00101001111010101011100100100100011011101000010001100100000100000111000000000111100111111111111100010000000111100022222222222222222222222222222222
11101001000000001000000000100100011111101000010001111000000010000011111111000111100111011100011100000000010111100011000000110100000010111000010000
11101001000000001000000000100100011111101000010001111100000010000011111111000111100111011100011100000000010111100011000000110100000010111000010000
00101101000000001011000000100101011011101000011111111101000000000000000000000111100111011111111100011000000111100011000000110110000010111100010000
00101001000000001000000000100101011011101000011101111100000000001000000000000111100111011111111100010000000111100011000000110110000010111100010000
00101001000000001011000000100101111011101000011101011101000000000000000000000111100111011111111100010000000111100011000000110110000010111100010000
00100001000001001000000000100001011011101000000001122222222011100011001100000111100111011111111100010000000111100011000000110122222222222222010000
00100001000001001000000000100101011011101000011101111100000000000000000000000111100111011111111100010000000111110011000000110110000010111100010000
00101101000001001011000000100001111011101000011111111111100010000011111111000111100111011111111100010000000111100011000000110110000010111100010000
00101101000001001000000000100111111011101000011100011111000010001011111111110111100111011111111100010000000111100011000000110110000010111100010000
00101001000001001000000000100101011011101000000001111100000000000100000000000111100111011111111100010000000111100011000000110110000010111100010000
00101101000001001000000000100101011011101000011100000101000010001011111111000111100111011111111100010000000111100011000000110110000110111100010000
00101001000000001011000000110110011011101000000001111001000010000011111111000111100111011111111100011000000001100011100000100110100010111000010000
00101101000001001011000000100001111011101000011111011111000000000000000000000111100111011111111100010000000111100011000000110110000010111100010000
00101001000000001000000000100101111011101000011101011101000000000100000000110111100111011111111100010000000111100011000000110110000010111100010000
00101101000001001000000000100101111011101000000000010101000000000000000000000111100111011111111100010000000001100011000000110110000110111100010000
00101101000000001000000000100001111011101000000000010111100000000100000000000111100111011111111100010000000111100011000000110110000110111100010000
00101101000000001000000000100101111011101000000001111101000000001100000000000111100111011111111100010000000111100011000000110110000010111100010000
00101001000001001011000000000001011011101110000001111000000011110111101110000111100111011111111100011100000111100011000000110110000010111100010000
00101001000001001011000000000001011011101110011101100100000011110111101110000111100111011111111100011100000111100011000000110110000010111100010000
00101001000001001000000000100101011011101110011101111000000000000000000000000111100111011111111100011101000111100011000000110110000010111100010000
00101001000001001011000000000000010011101110000001111000000000000000000000000111100111011111111100011100000111100011000000110110000010111100010000
00101000000000001000000000000101111011101110000000000000000000000000000000000111100111011111111100011101100111100011000000110110000010111000010000
00101001000001001011000000000000011011101110011101100000000000000000000000000111100111011111111100011100000111100011000000110110000010111100010000
00100000000000001000000000000100011011101110000000000000000000000000000000000111100111011111111100011101000111100011000000110110000010111100010000
00101000000000001011000000000101011011100000000000000000010000000000000000000000000111011111100000000000000001100011000000110110000010111100010000
00101000000000001000000000100101011011101110011111111001000000000000000000000111100111011111111100011101000111100011000000110110000010111100010000
00101001100001001011000000000001011011101110011111111100000000000000000000000111100111011111111100011101000111100011000000110110000010111100010000
00100000000000001000000000000101011010001110000000000100000000000000000000000111100111011111111100011110000111000011000000110110002211111022010000
00100001000001001000000000100001011011101110011101111001000011111111101110000111100111011111111100011100100111100011000000110110100011111000010000
00100001000001001011000000110101011011101110011101100100000011100111001100000111100111011111111100011100000111100011000000110110100011111000010000
00100001000001001011000000110110011011101110011101100100000011100011001100000111100111011111111100011000000111100011000000110110100011111000010000
00100001000001001011000000000101011011101110011101111001000000000000000000000111100111011111111100011100000111100011000000110110001022111000010000
00100001000000001000000000100101011011101110011101111101000000000000000000000111100111011111111100011100000111100011000000110110001011111000010000
00100001000001001000000000100001011011101110011101111000000000000000000000000110000111011111111100011100000111100011000000110110001011111000010000
00100001000001001000000000100100011011101110000001111100000010001011111111000110000111011111111100011100000111100011000000110110100010111000010000
00100001000000001000000000100001011011101110000001100000000000000000000000000111100111011111111100011100000111100011000000110110100022111000010000
00101001100001001000000000110101011011101110011101111101000010000011111111000111100111011111111100010000000111100011000000110110100011111000010000
00100001000001001000000000100001011011101110011101111000000010000011111111000111100111011111111100011100000111100011000000110110001011111000010000
00100001000001001000000000100001011011101110000001111000000011100111001100000111100111011111111100011100000111100011000000110110100011111000010000
00100001000001001011000000110001111011101110011111111111100010001011111111000111100111011111111100011100000111100011000000110110100011111000010000
00100001000000001011000001110111011011101110000001111001000000000000000000000110000111011111111100011100000111100011000000110110110011111000010000
00100001000001001011000001110101011011101110011101111101000011100111001100000111100111011111111100011100000111100011000000110110001010111000010000
00100001000001001011000000100100011011101110000000011101000011000110001000000111100111011111111100011100000111100011000000110110100011111000010000
00101001100001001011000000100101011011101110011101111000000000000100000000000111100111011111111100011100100111100011000000110110100011111000010000
00100001000001001011000000100101011011101110000001111000000011110111101110000111100111011111111100011100000111100011000000110110100011111000010000
00100001000001001011000000100111011011101110000000011001000010000011111111000111100111011111111100011100000111100011000000110110100011111000010000
10100001000001001000000000000111011011101110000000011100000010000011111111000111100111011111111100011100000111100011000000110110100011111000010000
00101001000001001000000000100001011011101110011101111001000011100111001100000111100111011111111100011100100111100011000000110110100011111000010000
00100001000001001000000000100001011011101110000001111101000000000100000000000111100111011111111100011100100111101011000000110110100011111000010000
00100001000001001000000000100001111011101110011101111100000011111111101110000111100111011111111100011100000111100011000000110110100011111000010000
00101001000001001000000000100101011011101110011101111101000011111111101110000111100111011111111100011100100111100011000000110110100011111000010000
00100001000001001011000000000001111011101110011101111101000011111111101110000111100111011111111100011100000111100011000000110110100011111000010000
00100001000001001000000000100001011011101110000001111101000011100110001000000111100111011111111100011100100111100011000000110110100011111000010000
00100001000001001000000000100101011011101110011100011100000011100111001100000111100111011111111100011100000111100011000000110110100011111000010000
00100001000001001000000000100001011011101110011101111100000011111111001100000111100111011111111100011100100111100011000000110110100011111000010000
00101000000000101011000000100001011011101110000001111000000000000100000000000111100111011111111100011100100111100011000000110110100011111000010000


00002100012100002201002000100000000111000021000000001100000
00002100100120000000000000122211000000000000000001100000000
00002100100120000000000000122210000000000000000001100000000
00002200100120000000000000121200200000000000200002222222200
00002100100100000000000000112200200110000000200002222222200
00000000100110001000000011100000000000000000000000000001000
00000010100120000010000010121200201100000000200002222222200
00010010100100000010000000112200000000000000000100000001000
00000000100110001011000011021200000111000000000100000001000
01102100212010000010000001122210200000000000100100000000000
01102100021120002201002001100000000100000021010000000000100
00012100021110002201002001100000000100110021010000000000100
01102100212000201000000001000000000000000100010001000000000
01102100212000100010000001100000000000000100010001000000000
01102100212000200000002000000000000111000121000100000000200
00012100012000001001000100100010000000000100000001000000000
00012100012020001001000100122211000000000000200002222222200
00012100012010001001000101122210000000000012100100000000000
01012100012010001100002101122210000000000000100001000000000
00012100012010001001000111122210000111000000100001000000000
00012100012010001000001001122210000000101000100001001100000
01012100012010001101101001122210000110101000100001001100000
00010011100001001101101001122210110000110012101101000000000
00010011100001011101102001122210110000110012101101000000000
00012111100001011101102001122211110100110012101101000000000
00012100000000101011000001122211010100110021100000000000000
00002100012000001101111001122211010000000000100000000000000
00002100012000101101111001122210000000010000100000001000000
00012100012000001101101001122211000000100000100000000000100
00002100012000002200002001122210000000100000000000001000000
00002100012000001101102001122210000000100000000000001000000
00002100112000002200002000122210000000000000000000101000000
00002100012000101101101001122210000110100000000000100000000
11101000221000001001000001100000001100100000100010000010000
11101000221000001001000000000000001100100000100011000000000
11101000221000001001000001000000000100100000100010000010000


         113         146		Solucao = 759


011001000111
001101100001
100010000000
111001010111
001101110011
000010000000
001000001001
001101000011




 49          59         Solucao = 216




=======================

9 11 8 9 12 8 10 11 10 13 13 12 14 14 

=======================



          58          86         
00000000000000000000000000000000110000010000000000010010000000000000000000000010000000
00000001101000001100000000010100000000010000000100010010100000000000000000000010111101
00000001101000001100000000010100100000010000000100010010100000000000000000000011111101
00000001000000001100000000010100111000010000000100010010100001000000000000001110111101
00000000000000000000000000010000110000010000000110010010110000011111000010001110000011
00000000010010100011110100011100110001010010000101010010110000011111000010000010000011
00000000011111000011110000000100110001010000000111100011101101100000000000110010111001
00000000001111000011110000011000110000000001000000010000101100110010010010000010100001
00000000011111000011110000011000111000000001000000010010100001110010010010001110111101
00000000001111000011110000011100111000000001000000010010100001110010010010000010111101
00000000001011000011110000011110111000000001000100010010100000110010011010001110100001
00000000001110000011110000011000110000000001000000010010100000110010010010001010100001
00000000001111000011110000011000110000000001000101010010100001111011001010001110100001
00000000001111000011110000011000111000000001000101010010100001111011001010001110100001
00000000001111000011110000011100111000000001000101010010100001111011001010111110100001
00011100001111001111111111011000111111010100000111010010101111111111101110111110101101
00000000001111001111111111111111110011010000000111111100101111111111101110110010111101
00000000011011001111122111111110110010000000000111010000101111111111101110111110101101
00000000000011001111111111110100110010010000000111010000101110111111101110110010001101
10010000000000111111110000000100100000010111000110010010001001000000000000100010111000
10011000000000111111110000000100000000010011000110010010001001000000000000000010101100
00000000000000111111110000010100100000010010000110010010001001000000000000000010101100
00011000000000111111110000010100000000010011000110010010001000000000000000000010101100
00011000000000111111110000000100000000010011000110010010001000000000000000000010101100
00011000000000111111110000000100000000010011000110010010001000000000000000000010100000
00000000000000111111110000000100000000010011000110010010001000000000000000001010100000
00000000000000111111110000000100000001010111000110010010001000000000000000001110111100
01100000000010111111110000010100000000010010000110010010001000000000000000000010000000
01111100010010001001000000000100100000111000011000010010001100000000000010000010001101
00011100001111001001000000010100110000111000000100010000001101000000000010000010101101
01111100011011001011110000010100110000111000000100010010001101000000000010000010111101
00000000000000001001010000010110110001010000010100011010000000000000000000001100000000
00000000000000001001010000011110110001000000011101011010000000000000000000101100000001
00000000000000001001110000010110110001000000011101011010000000000000000000111100000001
00000000000010001001110000010110110001000000011101011010000000000000000000001100000000
00000000000010001001110000010110111001000000011101011010000000000000000000001100000001
00000011010010001001110000011110111001010110011111011010000000000000000000001100000000
00000011010010001001110000011110111001010110011111011010000000000000000000001100000000
00010011010010001001110000010110111001010110011111011010000000000000000000001100000000
00000011010010001001110000010110110001010110011111011010000000000000000000001110000000
00000010011100001000010000010110111001010100011101010010000001000000000000001110101100
00000000010010001000000000010000110000010011000000010010000001000000000000001110101001
00000000010010001001100000010000110000111011000100010010000000000000000000001110100001
00000000000000000011110100011100110000010000011100010010000000000000000010110000000000
00000000000000000011110100011100110000110011011101010010000000000000000010110000000000
00000000000000000011111111011110110001010001011101010010000000000000000010111100000000
00000001000011000011110000010100110000010011010100010010000000000000000010000000101101
00000001000000000011110111011100100000010111011100010010000000000000000010000000001100
00100001000000000011111110011110100000010011011101010010000001000000000010001100000000
00000001000000000011111111111110100000010011011100010010000000000000000010000000000000
00000000000011000011110000011100110000000001011101010010000000000000000010110010000000
00000000000000000011110000011100110000010001011101010010000000000000000010000010000000
00000000000000000011110000011100110000000011011101011010000000000000000010110010000000
10000000000000001101010110011100110000010011100000010010110000000000000010111110000001
10000000000000001111010110010110110000000001011100010010000000000000000010111110000001
10000001000010001101010000010100111000000000011101011010000000000000001011111110101101
00000000000000001101000100010100000000000100011000010010000000000000000011001110101001
10010000000000001111110100011100100000010010011101010010000000000000000010110010000000








